0,435
0,427
0,425
0,535
103,28
0,495
103,27
0,421
0,420
0,418
0,550
0,416
0,318
0,408
0,407
0,406
0,517
103,26
94,3
85,4
14,5
103,9
103,10
103,6
103,3
14,7
14,8
0,404
0,472
43,3
10,286
10,276
10,178
10,204
10,242
10,300
10,294
10,28
10,2
10,3
11,19
259,590
259,589
259,588
259,587
259,586
259,585
259,584
259,583
259,582
259,581
259,580
259,579
259,578
259,577
259,576
11,23
259,575
259,574
259,573
259,572
259,571
259,570
259,569
259,568
259,567
259,566
259,565
259,564
11,14
11,5
11,4
259,563
259,562
11,7
11,2
11,3
259,561
9,7
9,4
9,1
259,560
9,6
259,1
223,5
223,4
223,3
9,2
9,3
223,2
223,1
8,12
8,8
8,7
8,11
217,3
8,4
217,1
215,4
8,13
8,2
215,3
8,3
215,1
214,4
214,3
214,2
214,1
103,45
103,44
103,43
103,42
103,41
103,40
103,39
103,38
103,37
103,36
103,35
103,34
103,33
103,32
103,31
103,25
103,24
103,23
103,22
103,21
103,20
103,19
103,18
103,17
103,16
103,14
103,13
103,12
